  0    0    0    0  
  1   13    0    0  
  2   21    0    0  
  3   27    0    0  
  4   33    0    0  
  5   37    0    0  
  6   42    1    0  
  7   46    2    0  
  8   49    3    0  
  9   53    4    0  
 10   56    5    0  
 11   59    7    0  
 12   62    8    0  
 13   65    9    0  
 14   68   10    0  
 15   71   11    0  
 16   73   12    0  
 17   76   13    0  
 18   78   14    0  
 19   80   15    0  
 20   83   17    0  
 21   85   18    0  
 22   87   19    0  
 23   89   20    0  
 24   92   21    0  
 25   94   22    0  
 26   96   23    0  
 27   98   24    0  
 28  100   25    0  
 29  101   27    0  
 30  103   28    0  
 31  105   29    0  
 32  107   30    0  
 33  109   31    0  
 34  111   32    0  
 35  112   33    0  
 36  114   34    0  
 37  116   35    0  
 38  117   37    0  
 39  119   38    0  
 40  121   39    0  
 41  122   40    0  
 42  124   41    0  
 43  125   42    0  
 44  127   43    0  
 45  128   44    0  
 46  130   45    0  
 47  131   47    0  
 48  133   48    0  
 49  134   49    0  
 50  136   50    0  
 51  137   51    0  
 52  139   52    0  
 53  140   53    0  
 54  141   54    0  
 55  143   55    0  
 56  144   56    0  
 57  145   58    0  
 58  147   59    0  
 59  148   60    0  
 60  149   61    0  
 61  150   62    0  
 62  152   63    0  
 63  153   64    0  
 64  154   65    0  
 65  155   66    0  
 66  157   67    0  
 67  158   69    0  
 68  159   70    0  
 69  160   71    0  
 70  161   72    0  
 71  163   73    0  
 72  164   74    0  
 73  165   75    0  
 74  166   76    0  
 75  167   77    0  
 76  168   78    0  
 77  169   79    0  
 78  170   80    0  
 79  172   82    0  
 80  173   83    0  
 81  174   84    0  
 82  175   85    0  
 83  176   86    0  
 84  177   87    0  
 85  178   88    0  
 86  179   89    0  
 87  180   90    0  
 88  181   91    0  
 89  182   92    0  
 90  183   93    0  
 91  184   94    0  
 92  185   95    0  
 93  186   97    0  
 94  187   98    0  
 95  188   99    0  
 96  189  100    0  
 97  190  101    0  
 98  191  102    0  
 99  192  103    0  
100  192  104    0  
101  193  105    0  
102  194  106    0  
103  195  107    0  
104  196  108    0  
105  197  109    0  
106  198  110    0  
107  199  111    0  
108  200  112    0  
109  200  114    0  
110  201  115    0  
111  202  116    0  
112  203  117    0  
113  204  118    0  
114  205  119    0  
115  205  120    0  
116  206  121    0  
117  207  122    0  
118  208  123    0  
119  209  124    0  
120  209  125    0  
121  210  126    0  
122  211  127    0  
123  212  128    0  
124  213  129    0  
125  213  130    0  
126  214  131    0  
127  215  132    0  
128  216  133    0  
129  216  134    0  
130  217  135    0  
131  218  136    0  
132  219  137    0  
133  219  138    0  
134  220  139    0  
135  221  140    0  
136  221  141    0  
137  222  142    0  
138  223  143    0  
139  223  145    0  
140  224  146    0  
141  225  147    0  
142  225  148    0  
143  226  149    0  
144  227  150    0  
145  227  151    0  
146  228  152    0  
147  229  153    0  
148  229  154    0  
149  230  155    0  
150  231  156    0  
151  231  157    0  
152  232  158    0  
153  232  159    0  
154  233  160    0  
155  234  161    0  
156  234  162    0  
157  235  163    0  
158  235  164    0  
159  236  165    0  
160  236  166    0  
161  237  167    0  
162  238  168    0  
163  238  169    0  
164  239  170    0  
165  239  171    0  
166  240  172    0  
167  240  172    0  
168  241  173    0  
169  241  174    0  
170  242  175    0  
171  242  176    0  
172  243  177    0  
173  243  178    0  
174  244  179    0  
175  244  180    0  
176  245  181    0  
177  245  182    0  
178  246  183    0  
179  246  184    0  
180  247  185    0  
181  247  186    0  
182  247  187    0  
183  248  188    0  
184  248  189    0  
185  249  190    0  
186  249  191    0  
187  250  192    0  
188  250  193    0  
189  250  194    0  
190  251  195    0  
191  251  196    0  
192  252  197    0  
193  252  198    0  
194  253  199    0  
195  253  200    0  
196  253  200    0  
197  254  201    0  
198  254  202    0  
199  255  203    0  
200  255  204    0  
201  255  205    0  
202  255  206    0  
203  255  207    0  
204  255  208    0  
205  255  209    0  
206  255  210    0  
207  255  211    0  
208  255  212    0  
209  255  213    0  
210  255  214    0  
211  255  214    0  
212  255  215    0  
213  255  216    0  
214  255  217    0  
215  255  218    0  
216  255  219    0  
217  255  220    0  
218  255  221    0  
219  255  222    0  
220  255  223    0  
221  255  224    0  
222  255  225    0  
223  255  225    0  
224  255  226    0  
225  255  227    0  
226  255  228    0  
227  255  229    0  
228  255  230    0  
229  255  231    0  
230  255  232    0  
231  255  233    0  
232  255  234    0  
233  255  234    0  
234  255  235    0  
235  255  236    0  
236  255  237    0  
237  255  238    0  
238  255  239    0  
239  255  240    0  
240  255  241    0  
241  255  242    0  
242  255  242    0  
243  255  243    0  
244  255  244    0  
245  255  245    0  
246  255  246    0  
247  255  247    0  
248  255  248    0  
249  255  249    0  
250  255  249    0  
251  255  250    0  
252  255  251    0  
253  255  252    0  
254  255  253    0  
255  255  254    0  
